22 4142 111 111 0 0 0 0 // 페어리더스트(미스틱)
42 1731 0 0 0 0 0 0 // 도전장(아케인) 
62 3182 0 0 0 0 0 0 // 워터스크롤(아케인)
70 413 0 0 0 0 0 0 // 락토가루
73 3394 111 111 0 0 0 0 // 골드위든(1000b/c) 
78 4028 0 0 0 0 0 0 // 실버위든(1000b/c)
82 4168 0 0 0 0 0 0 // 한복(30일)
86 4175 0 0 0 0 0 0 // 무희(30일)
90 4176 0 0 0 0 0 0 // 토끼(30일)
94 4178 0 0 0 0 0 0 // 사무라이(30일)
97 5600 111 111 0 0 0 0 // 페어리더스트(아케인)
100 4141 0 0 0 0 0 0 // 정교한락토가루
0 0 0 0 0 0 0 0
0 0 0 0 0 0 0 0
0 0 0 0 0 0 0 0
0 0 0 0 0 0 0 0
0 0 0 0 0 0 0 0
0 0 0 0 0 0 0 0
0 0 0 0 0 0 0 0
0 0 0 0 0 0 0 0
0 0 0 0 0 0 0 0
0 0 0 0 0 0 0 0
0 0 0 0 0 0 0 0
0 0 0 0 0 0 0 0
0 0 0 0 0 0 0 0