0 0 419 0 0 0 0 0 0
0 1 420 0 0 0 0 0 0
0 2 578 0 0 0 0 0 0
0 3 540 0 0 0 0 0 0
1 0 412 0 0 0 0 0 0
1 1 3140 0 0 0 0 0 0
1 2 3171 0 0 0 0 0 0
1 3 3431 61 120 0 0 0 0
2 0 413 0 0 0 0 0 0
2 1 577 0 0 0 0 0 0
2 2 3172 0 0 0 0 0 0
2 3 4148 0 0 0 0 0 0
3 0 692 0 0 0 0 0 0
3 1 3467 0 0 0 0 0 0
3 2 1731 0 0 0 0 0 0
3 3 1774 0 0 0 0 0 0
//보스넘버(0~3), 잡은 순서(0~3), 아이템 (보스당 4개의 아이템만 세팅)
// 예 ) 1번 보스를 1번째로 잡으면 0 0 1 0 0 0 0 0 아이템이 떨어진다!
// 마찬가지고 2번보스를 4번째(마지막)에 잡으면 2 3 9 0 0 0 0 0 아이템이 떨어진다.
// 기존 영지 드랍 주요 리스트
// 
// 수정된 리스트
// 오스크랩, 락스크랩, 아다만원석, 스피릿스톤
// 오리, 글링, 도전장(미스틱), 그레이트포션
// 락토, 텍타, 도전장(노멀), 신비의돌
// 풀디바조각, 가방, 도전장(아켄), 현자