540
541
559
560
561
562
563
564
565
566
567
568
569
570
591
592
593
594
595
616
617
618
619
620
621
622
631
632
633
640
641
642
643
661
662
663
809
810
811
824
825
826
839
840
841
854
855
856
869
870
871
884
885
886
899
900
902
903
904
910
911
912
935
936
937
957
960
970
1191
1192
1193
1194
1195
1196
1197
1198
1199
1200
1201
1202
1203
1204
1205
1206
1207
1208
1209
1210
1211
1212
1213
1214
1215
1216
1217
1218
1219
1220
1221
1222
1223
1224
1225
1226
1227
1228
1229
1326
1327
1328
1329
1330
1331
1332
1333
1334
1335
1336
1337
1338
1339
1340
1341
1342
1343
1344
1345
1346
1347
1348
1349
1350
1351
1352
1353
1354
1355
1356
1357
1358
1359
1360
1361
1362
1363
1364
1476
1477
1478
1479
1480
1481
1482
1483
1484
1485
1486
1487
1488
1489
1490
1491
1492
1493
1494
1495
1496
1497
1498
1499
1500
1501
1502
1503
1504
1505
1506
1507
1508
1509
1510
1511
1512
1513
1514
1626
1627
1628
1629
1630
1631
1632
1633
1634
1635
1636
1637
1638
1639
1640
1641
1642
1643
1644
1645
1646
1647
1648
1649
1650
1651
1652
1653
1654
1655
1656
1657
1658
1659
1660
1661
1662
1663
1664
1709
1710
1711
1712
2186
2187
2188
2189
2190
2206
2207
2208
2209
2210
2226
2227
2228
2229
2230
2246
2247
2248
2249
2250
1225
1226
1227
1228
1229
1230
1360
1361
1362
1363
1364
1510
1511
1512
1513
1514
1660
1661
1662
1663
1664
