3431 61 120 0 0 0 0	//그포
777 0 0 0 0 0 0		//워터(미스틱)
4028 0 0 0 0 0 0	//실버위든(1000만골드)
1731 0 0 0 0 0 0	//도전장(아케인)
3469 0 0 0 0 0 0	//상자2
3326 0 0 0 0 0 0	//나메(아케인)
3380 0 0 0 0 0 0	//메가포션(15)
769 43 9 0 0 0 0	//나이어드스+9
4144 61 5 0 0 0 0	//경험치상자
3470 0 0 0 0 0 0	//상자3
3380 0 0 0 0 0 0	//
3326 61 5 0 0 0 0	//나메(아케인) 5
5338 0 0 0 0 0 0	//이데알스톤
3182 61 20 0 0 0 0	//워터(아케인) 20
3471 0 0 0 0 0 0        //상자 4 
2407 61 10 0 0 0 0	//드래곤 성장액 10개
2379 10 10 1 5 100 1	//화이어 타이거
2414 61 10 0 0 0 0	//그리폰 성장액 10개
2384 10 10 1 5 100 1	//그리폰 성마
2377 152 58 10 10 100 1 //드래곤 성마