3 4159 0 0 0 0 0 0 // 빨간산타복장 (30일) 
6 4160 0 0 0 0 0 0 // 하얀산타복장(30일)
9 4175 0 0 0 0 0 0 // 무희(30일) 
15 413 61 10 0 0 0 0 // 락토가루(10개)
21 412 61 10 0 0 0 0 // 오리가루(10개)
31 3442 0 0 0 0 0 0 // 폭죽 
39 1726 43 6 0 0 0 0 // 그류페인 +6
47 769 43 6 0 0 0 0 // 나이어드스 +6 
50 4176 0 0 0 0 0 0 // 토끼(30일)
54 1739 0 0 0 0 0 0 // 러브초콜렛 
58 4145 0 0 0 0 0 0 // 러브캔디
63 3200 0 0 0 0 0 0 // 딜펀지주얼
66 3985 0 0 0 0 0 0 // 클라이즈 데일즈 호스(15일) 
70 3182 61 5 0 0 0 0 // 워터스크롤(아케인)LV1 (5개)
73 3200 0 0 0 0 0 0 // 딜펀지주얼
76 3201 0 0 0 0 0 0 // 문라이트주얼 
79 3202 0 0 0 0 0 0 // 주얼아이
82 3203 0 0 0 0 0 0 // 리컨디션주얼
85 3204 0 0 0 0 0 0 // 블러드주얼
88 3205 0 0 0 0 0 0 // 쉴드주얼
91 3206 0 0 0 0 0 0 // 파워주얼
94 3207 0 0 0 0 0 0 // 주얼팩
97 3208 0 0 0 0 0 0 // 포인트주얼
100 3209 0 0 0 0 0 0 // 마나주얼
0 0 0 0 0 0 0 0 