776 61 10 0 0 0 0         //워프스크롤 10개
2397 0 0 0 0 0 0         //스티드(흑)
2402 0 0 0 0 0 0         //스티드(백)
1774 0 0 0 0 0 0          //현자의 돌
4901 0 0 0 0 0 0          //판도라상자2
3431 61 10 0 0 0 0        //그레이포션 10개
2398 43 2 0 0 0 0         //스위프트호스의(흑) 성장액
2403 43 2 0 0 0 0         //스위프트호스의(백) 성장액
3172 0 0 0 0 0 0          //도전장(노멀)
4902 0 0 0 0 0 0          //판도라상자3
697 0 0 0 0 0 0           //사파이어
413 61 1 0 0 0 0          //락토가루
3352 0 0 0 0 0 0          //아큐벤수명 회복액
4198 0 0 0 0 0 0          //목마 마운트 코스튬
4903 0 0 0 0 0 0          //판도라상자4
3171 0 0 0 0 0 0          //도전장(미스틱)
692 0 0 0 0 0 0           //풀디바인서클조각
777 0 0 0 0 0 0           //워터스크롤(미스틱)
413 61 20 0 0 0 0         //락토가루 20개
4904 0 0 0 0 0 0          //판도라상자5
4043 0 0 0 0 0 0          //보호의팬던트
769 0 0 0 0 0 0           //나이어드스
2388 208 7 1 10 0 0       //슬레이프니르
2387 208 7 1 10 0 0       //스파일파리